local DrRayLibrary = loadstring(game:HttpGet("https://raw.githubusercontent.com/AZYsGithub/DrRay-UI-Library/main/DrRay.lua"))()
local window = DrRayLibrary:Load("7DSHub", "Default")

local Home = DrRayLibrary.newTab("Home", "Default")
function TpP1()
    game.Players.LocalPlayer.Character.HumanoidRootPart.CFrame = CFrame.new(-9031.58984, 5.25382137, -6079.56982, -0.419745117, 7.60323715e-08, -0.907642007, 3.93094197e-08, 1, 6.55902141e-08, 0.907642007, -8.14771006e-09, -0.419745117)
end
function TpP2()
    game.Players.LocalPlayer.Character.HumanoidRootPart.CFrame = CFrame.new(-9031.69922, 5.25382137, -6034.89404, 0.149718016, -2.12263984e-08, -0.988728762, 3.24091793e-08, 1, -1.6560822e-08, 0.988728762, -2.95644327e-08, 0.149718016)
end
function TpP3()
    game.Players.LocalPlayer.Character.HumanoidRootPart.CFrame = CFrame.new(-8999.30078, 15.2838478, -6121.55664, -0.922289491, -4.69393635e-10, -0.386499852, -1.77173842e-09, 1, 3.0133569e-09, 0.386499852, 3.463964e-09, -0.922289491)
end
Home.newButton("Command", "Giving command script", function()
    loadstring(game:HttpGet('https://raw.githubusercontent.com/EdgeIY/infiniteyield/master/source'))()   
    
end)

Home.newButton("Fps Boost", "Boosting your fps by decrease materials", function()
    loadstring(game:HttpGet("https://raw.githubusercontent.com/BobbieTun/FpsBoost/main/FpsBoost"))()
    
end)

Home.newButton("Auto Clicker", "Give you auto clicker", function()
    loadstring(game:HttpGet("https://raw.githubusercontent.com/Hosvile/The-telligence/main/MC%20KSystem%202"))()
    
end)

Home.newButton("Noclip", "Noclip", function()
    loadstring(game:HttpGet("https://raw.githubusercontent.com/BobbieTun/Noclip/main/Noclip"))()
    
end)

Home.newButton("Infjump", "Giving player ability to jump mulple times", function()
    loadstring(game:HttpGet("https://raw.githubusercontent.com/BobbieTun/Infjump/main/Infjump"))()
    
end)


local Players = DrRayLibrary.newTab("Player", "Default")
Players.newToggle("Toggle", "Toggle! (prints the state)", false, function(esp)
    if esp then
        Esp = true
        while true do
            wait()
            local Players = game:GetService("Players"):GetChildren()
    local RunService = game:GetService("RunService")
    local highlight = Instance.new("Highlight")
    highlight.Name = "Highlight"

    for i, v in pairs(Players) do
        repeat wait() until v.Character
        if not v.Character:FindFirstChild("HumanoidRootPart"):FindFirstChild("Highlight") then
            local highlightClone = highlight:Clone()
            highlightClone.Adornee = v.Character
            highlightClone.Parent = v.Character:FindFirstChild("HumanoidRootPart")
            highlightClone.DepthMode = Enum.HighlightDepthMode.AlwaysOnTop
            highlightClone.Name = "Highlight"
        end
    end

    game.Players.PlayerAdded:Connect(function(player)
    repeat wait() until player.Character
        if not player.Character:FindFirstChild("HumanoidRootPart"):FindFirstChild("Highlight") then
            local highlightClone = highlight:Clone()
            highlightClone.Adornee = player.Character
            highlightClone.Parent = player.Character:FindFirstChild("HumanoidRootPart")
            highlightClone.Name = "Highlight"
        end
    end)

    game.Players.PlayerRemoving:Connect(function(playerRemoved)
        playerRemoved.Character:FindFirstChild("HumanoidRootPart").Highlight:Destroy()
    end)

    RunService.Heartbeat:Connect(function()
        for i, v in pairs(Players) do
            repeat wait() until v.Character
            if not v.Character:FindFirstChild("HumanoidRootPart"):FindFirstChild("Highlight") then
                local highlightClone = highlight:Clone()
                highlightClone.Adornee = v.Character
                highlightClone.Parent = v.Character:FindFirstChild("HumanoidRootPart")
                highlightClone.DepthMode = Enum.HighlightDepthMode.AlwaysOnTop
                highlightClone.Name = "Highlight"
                task.wait()
            end
        end
        end)
        end
        
    else
        Esp = false
        while false do
            highlightClone:Destroy()

            
        end
  
end
end)

local Farming = DrRayLibrary.newTab("Farm", "Default")
Farming.newButton("Muscle King Position 1", "Bring you to first position", function()
    TpP1()

end)
Farming.newButton("Muscle King Position 2", "bring you to 2nd position", function()
    TpP2()

end)

Farming.newButton("Muscle King Position 4", "Bring you to 3rd position", function()
    TpP3()

end)

local Tween = DrRayLibrary.newTab("Tween", "Default")
Tween.newButton("Unknown Island", "Bring you to the Unknown Island", function()
    game.Players.LocalPlayer.Character.HumanoidRootPart.CFrame = CFrame.new(1951.01355, -2.08815002, 6179.55518, -0.971415579, -2.39395952e-08, 0.237385288, -9.5811874e-09, 1, 6.16393692e-08, -0.237385288, 5.76030139e-08, -0.971415579) -- teleport to Unknown Island
end)
local Collect = DrRayLibrary.newTab("Collect", "Default")

local Grinding = DrRayLibrary.newTab("Grinding", "Default")
